circle
250 250 0 200
circle
250 250 0 195
circle
250 250 0 190
circle
250 250 0 185
circle
250 250 0 180
circle
250 250 0 175
circle
250 250 0 170
circle
250 250 0 165
circle
250 250 0 160
circle
250 250 0 155
circle
250 250 0 150
circle
250 250 0 145
circle
250 250 0 140
circle
250 250 0 135
circle
250 250 0 130
circle
250 250 0 125
circle
250 250 0 120
circle
250 250 0 115
circle
250 250 0 110
circle
250 250 0 105
circle
250 250 0 100
circle
250 250 0 95
circle
250 250 0 90
circle
250 250 0 85
circle
250 250 0 80
circle
250 250 0 75
circle
250 250 0 70
circle
250 250 0 65
circle
250 250 0 60
circle
250 250 0 55
circle
250 250 0 50
circle
250 250 0 45
circle
250 250 0 40
circle
250 250 0 35
circle
250 250 0 30
circle
250 250 0 25
circle
250 250 0 20
circle
250 250 0 15
circle
250 250 0 10
circle
250 250 0 5
display
save
face.png

